466,296,16904,-252,-329,334,
-1126,434,16642,-28,159,-261,
-5806,430,16480,-130,6,-700,
-19372,-7656,17798,-466,75,-154,
-16512,-5536,16662,-2218,-1273,3547,
3630,970,18014,-323,-1235,3614,
7334,-2776,14962,-301,1164,4747,
18780,-1712,14454,-1179,2503,4107,
12964,-1632,11450,-280,-112,1220,
7690,-1938,19780,598,-608,-307,
426,-2358,17276,339,253,-598,
-1046,-3456,18658,482,-234,-584,
-528,-1822,16378,315,-10,281,
-324,290,17040,138,-251,-40,
-836,-346,16226,-38,96,-125,
-538,-106,17210,-289,240,19,
-986,-1248,16446,-176,183,-30,
-636,244,17012,-40,179,-100,
-1028,-326,16948,330,599,-388,
-1250,-798,16548,189,230,122,

1694,758,14874,36,299,-102,
2044,976,17480,28,11,150,
1692,1990,16260,-136,122,-62,
-6748,4838,19914,-490,356,-1135,
-25296,-5280,16306,-1390,177,-695,
-16608,-10378,15314,-295,-1828,2626,
7816,-12988,20704,-1641,1031,6173,
19178,-2554,17436,-1310,3904,4265,
14478,-2388,13156,-983,275,3309,
10782,-3926,18082,67,326,1127,
3256,-912,11284,106,212,431,
574,-3634,19728,114,-1024,-554,
-1600,-3606,18068,-138,596,-40,
-2220,-3094,17674,216,905,372,
-2526,-2376,15738,285,468,181,
-3060,-1738,16314,190,-94,-66,
-2282,-2098,16832,-142,-296,-170,
-1854,-2392,17066,172,-216,-1,
-1974,-1880,16322,127,156,-49,
-2178,-2390,15798,-105,-176,51,

254,-244,16682,75,199,-143,
-18,-778,16946,101,92,-82,
8,-610,16220,36,-52,1,
-7600,-510,19786,-999,-226,-721,
-20292,-4286,24034,-253,0,268,
-18712,-14788,11292,92,-2200,2947,
5738,-10832,20012,802,889,7134,
15320,3044,32312,-945,2308,3931,
15450,536,14412,131,-451,1125,
10814,-4660,18872,241,35,-180,
4226,-2726,13956,-206,615,-457,
1274,-2598,17374,-384,-687,-402,
-502,-2686,18370,-145,354,-547,
-1824,-2942,16684,-100,342,-51,
-1422,-1908,15686,-156,321,205,
-1334,-1040,16522,-174,243,17,
-932,-2282,16362,-74,-57,221,
-758,-1892,16674,-86,-156,-30,
-848,-2038,16912,-64,-127,20,
-776,-2138,16664,1,65,1,

254,-244,16682,75,199,-143,
-18,-778,16946,101,92,-82,
8,-610,16220,36,-52,1,
-7600,-510,19786,-999,-226,-721,
-20292,-4286,24034,-253,0,268,
-18712,-14788,11292,92,-2200,2947,
5738,-10832,20012,802,889,7134,
15320,3044,32312,-945,2308,3931,
15450,536,14412,131,-451,1125,
10814,-4660,18872,241,35,-180,
4226,-2726,13956,-206,615,-457,
1274,-2598,17374,-384,-687,-402,
-502,-2686,18370,-145,354,-547,
-1824,-2942,16684,-100,342,-51,
-1422,-1908,15686,-156,321,205,
-1334,-1040,16522,-174,243,17,
-932,-2282,16362,-74,-57,221,
-758,-1892,16674,-86,-156,-30,
-848,-2038,16912,-64,-127,20,
-776,-2138,16664,1,65,1,

1894,1762,16644,-46,356,-174,
1162,1436,16132,-129,447,-99,
1390,766,16166,-317,94,241,
-15924,-4000,19612,-1081,-7,372,
-19444,-4868,11282,-2106,-670,1865,
-4644,-11896,20840,-1493,-1223,4907,
10466,-2694,17588,-2004,1242,4546,
15476,-8046,11640,-2106,4834,3280,
15318,-2382,18692,1114,-1185,49,
8750,-3050,18798,980,910,293,
3128,-1518,16200,193,-208,-919,
-304,-3412,16990,7,223,-627,
-2526,-3906,16746,179,212,-425,
-2420,-2946,16892,161,545,-114,
-2326,-2140,14998,32,76,113,
-1016,-2816,16568,-21,-330,-117,
-1194,-2770,16806,-186,-154,-139,
-1202,-2866,16000,-87,-97,-254,
-1342,-2686,16680,-34,-258,-115,
-1202,-2334,16944,-45,-11,18,

422,716,16420,191,63,-507,
378,1076,16452,-25,1,-48,
-4342,-400,17970,-78,-136,113,
-6490,1178,19780,693,386,1327,
-7986,-2588,16352,1142,765,2859,
-7160,-852,14364,324,379,3446,
-5156,1316,13876,-716,27,4764,
-1566,-1652,9814,-949,-118,2985,
10064,548,19840,-2831,-387,2837,
16662,-6726,16320,-99,-1242,786,
14396,-726,18862,-786,575,-374,
6094,-4376,17274,-869,-367,-935,
2436,-3168,17284,-505,460,-914,
1108,-5144,17322,-6,-123,-742,
1000,-2766,16782,153,229,-499,
786,-2808,16420,236,319,-308,
332,-2580,15762,106,252,-308,
1184,-2804,17702,-46,38,42,
1190,-1838,16478,84,177,-189,
1330,-2186,17908,410,58,75,

946,1534,16536,-88,90,-248,
-304,486,16646,-372,-221,-312,
-998,-74,17922,-282,-136,-261,
-8336,-2084,18734,28,28,-185,
-19762,-9686,21122,37,-4,1334,
-12844,-7130,11640,25,-1123,3672,
-1344,-4140,15854,-6,-1059,4712,
6672,828,13274,-593,970,4513,
17992,3910,14050,-2247,544,3936,
19234,-188,15756,239,-940,885,
10894,-2662,17030,-255,1031,-727,
4528,-3342,16598,-433,252,-718,
2096,-3666,17828,-45,456,-884,
870,-3272,16876,-227,103,-201,
944,-1318,17184,95,253,-354,
-48,-2462,16198,126,380,24,
192,-1764,15878,-2,168,-218,
630,-2552,18154,336,411,-5,
340,254,17646,382,564,-388,
166,-1364,17424,477,630,-183,

532,662,17326,-68,276,66,
290,808,16230,-84,233,143,
652,590,17074,24,8,230,
-11382,-2750,19272,-671,1968,-403,
-22788,-10974,13430,-550,3179,2207,
-17756,-4522,4608,-1323,833,3613,
1228,-5740,13940,-3113,-1715,5293,
21792,-3580,20582,-2437,204,3971,
17730,-5794,21060,-210,-110,859,
8328,-3444,13456,-516,2124,528,
1306,-624,15060,-392,-1057,-1297,
-2868,-8334,19534,373,-1515,-1212,
-2892,-3840,18450,179,720,-186,
-2524,-1660,15380,266,-196,-223,
-2874,-3524,16384,419,1,-115,
-2334,-3264,15474,319,-105,96,
-1728,-1992,17554,238,-220,183,
-2020,-2670,16420,122,103,29,
-1718,-1560,17120,181,-119,79,
-2088,-2420,15278,206,151,-181,

506,-344,16706,-151,160,-214,
-390,-234,15694,-141,24,-208,
-1858,244,16322,-560,-334,-202,
-9482,-3172,20488,-884,481,-67,
-15590,-5264,17766,664,236,883,
-11128,-5922,10960,1234,65,3467,
-1740,1056,11290,-68,-629,4105,
5906,-2844,20022,-1539,252,4314,
12460,-3634,22872,-771,596,2893,
14564,-2222,18494,-434,2023,1277,
10742,2166,12586,-448,324,-179,
4820,-2616,19894,-421,-365,-909,
356,-2700,17048,-370,646,-1103,
-1310,-3134,16564,-37,183,-704,
-2408,-1148,15672,-306,725,-463,
-2096,-2520,15164,-328,261,73,
-1114,-2142,16024,-207,-637,-280,
-556,-3560,18874,225,-169,87,
-482,-1094,16832,-341,68,279,
-122,-1644,17782,106,-62,25,

2696,1264,16058,8,210,-119,
2120,678,16512,101,76,-319,
-732,1112,17090,-294,-6,-235,
-6978,1144,19686,-905,407,-772,
-18032,-966,17016,-93,317,-1124,
-14964,-14992,15104,-481,-1308,1147,
618,-6202,21262,-1610,1990,4109,
15716,-1600,17268,-2836,3212,5070,
19466,282,11014,-273,-421,2395,
11236,-1150,20914,508,-265,1359,
2852,-3490,12360,246,-489,830,
1508,-2606,20202,326,-770,-45,
-424,-3402,17936,18,559,287,
-1034,-940,15784,171,143,-9,
-1254,-2300,16112,212,-86,-102,
-728,-2244,16588,622,-432,-87,
128,-1188,17638,749,-354,-178,
30,-972,16658,679,-385,-230,
-122,-944,16994,-91,-297,5,
-130,-394,17388,154,-183,-35,

1150,558,17662,115,137,-75,
538,566,16182,28,144,-118,
648,500,16400,66,-95,-37,
-23446,-7544,14808,-180,1218,2767,
-12954,-6876,15492,-315,-916,3723,
11786,-3834,18752,-1343,-1257,4781,
22702,4810,15692,-1774,2793,2320,
19262,-246,11776,-806,-112,561,
10534,4092,17514,-588,82,-1636,
1994,-5868,16252,-654,-545,-1097,
-62,-4256,18732,161,-135,-1147,
-210,-2258,18118,74,742,85,
-88,-2994,14526,206,99,43,
-108,-1026,16236,0,214,188,
666,-3016,16788,-107,-445,612,
606,448,17564,152,-52,-282,
786,-422,18332,-51,231,56,
202,-2116,15580,-15,42,-316,
-36,-1444,17386,74,49,-55,
498,-1822,17610,61,-243,59,

14,1240,16036,69,143,-206,
-204,478,16658,-152,136,-267,
-730,758,16422,-78,-145,-187,
-16572,-1774,15790,-255,-959,12,
-20916,-7784,13778,380,-449,2388,
-6034,-3374,18024,-110,349,4084,
13628,-5576,15832,-2016,-808,4083,
18450,3164,21938,-1536,-124,2135,
12138,-1742,17216,338,984,523,
4922,-1242,12720,192,417,0,
2490,-1186,14242,-132,-742,50,
2786,-1696,19058,-252,-550,-112,
1552,-2172,17800,-108,249,-297,
596,-470,17184,16,242,-323,
-18,-2274,16548,-175,103,-310,
52,-1012,17806,4,36,-276,
-82,-2834,16920,64,138,-84,
48,-746,17072,27,268,0,
186,-1602,15872,143,175,8,
-28,-1760,16080,56,24,156,

162,-546,16016,-73,515,-162,
-332,-774,15442,-80,-63,3,
460,-344,17108,-87,-32,-8,
-9752,-2630,18012,-224,-179,-89,
-18030,-9334,21030,695,-1057,-112,
-12462,-8888,14182,-34,2338,4009,
-3186,-2590,4786,-975,17,4960,
11598,634,18010,-1862,-1889,6265,
20534,4980,22138,-674,253,2177,
19438,-6578,19478,836,-339,554,
10138,4916,9242,-1067,1052,71,
3242,-1778,18248,-407,-1696,-2133,
-74,-7764,18898,-272,-175,-1523,
-426,-5302,17692,-51,589,-500,
-56,-3926,15328,136,280,372,
-420,-1082,16226,76,97,-52,
32,-1696,16682,-57,146,88,
294,-2054,15710,-178,-88,-133,
908,-1982,16828,-35,-28,-84,
506,-2814,16812,57,20,-119,

1392,-552,18496,142,-7,42,
684,-652,16336,220,182,37,
832,326,16386,37,123,92,
-17458,-5850,14552,292,1049,4166,
-5870,-1834,13356,379,-719,5135,
9082,3130,20818,-2309,-765,3585,
16536,4890,14836,-2548,782,1705,
15602,-9522,17630,-199,290,-834,
8882,-3176,15948,-22,1208,-157,
3474,420,16668,-125,-573,-628,
636,-4430,21476,280,-752,-1536,
-564,-3276,17254,-65,820,-302,
-914,-2476,15422,388,-245,-293,
-1226,-2366,16258,48,141,31,
-1254,-1254,16378,90,126,-99,
-778,-974,16408,-6,220,113,
-654,-1352,16722,-41,22,188,
-500,-770,16250,-279,126,152,
-442,-2040,17230,-138,-228,72,
-616,-1952,16910,-138,-100,154,

426,650,16654,-7,115,84,
948,1086,16446,22,-30,-28,
456,874,16810,-56,137,-63,
-9230,-4102,13528,-648,-457,3222,
9546,-2322,20478,-1409,-1386,3524,
18102,-6734,20658,-748,281,3321,
18898,3188,14886,130,-526,824,
9702,-698,17762,-174,386,-423,
2752,-3862,17328,208,7,-708,
1702,-2508,17332,-133,336,-68,
1576,-1198,16494,64,197,127,
378,-1022,15728,-113,50,67,
778,-1602,17408,0,-141,162,
1244,-1818,15444,-234,120,247,
1116,-1940,17360,163,-272,75,
934,-828,17444,-210,521,154,
1026,-744,16170,-248,515,162,
678,-2546,18222,239,-67,-99,
946,-2286,16320,-17,376,349,
1302,-1284,16038,15,150,127,

1702,-1732,16802,207,131,388,
1966,-956,16532,320,-93,381,
2600,-78,16652,238,38,30,
-18042,-6452,11944,-1442,126,3210,
-9816,-8310,17358,261,-1101,3776,
13114,-6098,17894,-2121,351,5850,
19058,-4434,21500,2131,84,3934,
16492,492,15876,2240,1100,181,
9226,990,15190,1462,1678,-824,
1706,-2868,13248,771,-1259,-1939,
90,-4250,20746,329,-719,-1270,
-700,-2822,16442,-154,596,-167,
-1024,2,15620,11,92,-395,
-1386,44,15740,-340,22,-291,
-1298,-1490,16670,-114,-232,-299,
-738,-762,16792,-373,-58,-51,
148,170,17236,-415,250,-113,
-524,-2154,17080,-188,-236,-286,
-910,-2732,17438,-115,-152,184,
-140,-1090,17302,28,-58,290,

640,-370,16726,162,-98,-10,
630,520,16872,-81,-94,8,
-528,-224,16338,-124,-172,-19,
-13374,-10896,16874,1160,167,1617,
-3798,-10330,18822,894,1422,4316,
16898,-3012,12492,-1865,3214,6438,
16120,-2300,18712,-1314,-1734,2671,
12286,-982,19400,-824,163,1442,
5418,-260,14468,61,-51,-860,
148,-6432,16048,426,-1160,-1353,
222,-5572,19604,-191,254,-283,
-728,-3098,15956,303,508,-316,
-1098,-2298,15768,263,89,-259,
-806,-3178,15798,106,-71,-289,
-750,-3030,17554,290,32,94,
-3260,-410,14392,-103,-377,3,
1468,-1608,20566,-38,241,141,
246,-3640,15184,469,47,-34,
-24,-2156,15628,70,377,-62,
570,-1410,16994,280,217,-386,

2204,1502,16536,-45,351,98,
2368,1828,16110,-282,-148,-120,
2050,242,17014,-283,90,-115,
-12534,-2860,19324,-137,243,1031,
-15690,-5632,19712,640,565,3704,
-12684,-1936,9166,-846,1540,4663,
3648,-5066,5950,-1578,-3205,4383,
20564,3480,28434,-1410,208,3220,
18250,-3862,13880,-223,1450,664,
11688,-4906,20354,723,1375,-865,
5982,-254,13310,-582,1548,-991,
1338,-3624,16704,827,-484,-1272,
1242,-1716,19964,83,28,-426,
-264,-1364,15738,345,689,-79,
-952,-682,15560,138,-183,-295,
-1584,-1796,16678,113,40,267,
78,-1328,14992,-416,-127,405,
832,-880,17856,93,-264,147,
852,170,18040,-238,317,63,
292,-500,17110,0,251,-532,

334,12,17970,-75,-35,-16,
-230,88,16650,122,237,68,
-158,316,16778,22,41,-17,
-11882,-2070,17400,-166,-924,58,
-15994,-3166,17004,426,-377,1342,
-10346,-7124,13962,-453,-919,3288,
3400,-8574,18488,-1168,-226,4824,
18086,-6424,22718,-1858,2077,6025,
17302,434,14636,1,554,2298,
13504,-1970,19404,536,32,748,
6738,1620,13570,-264,-519,-259,
2688,-2856,19462,533,-537,-1529,
-3974,-1144,14274,-736,341,-679,
728,-44,21248,327,168,-692,
-1326,-4014,16508,295,721,-216,
-800,-1500,14868,244,574,48,
-598,-1926,14888,-70,331,282,
-156,-828,16590,-244,6,231,
-164,-2004,17702,-34,13,183,
-262,-1642,17472,-144,420,455,

300,-474,16760,-2,-195,143,
486,-1396,16066,-115,-349,37,
330,-1534,17224,-59,-285,152,
-13598,-4422,15602,-459,-69,-258,
-20600,-11908,22162,1058,-1433,2534,
-13966,-12758,14136,1192,1005,5044,
2816,-17042,8020,-71,-1488,7956,
24684,4332,16728,-2407,1482,7389,
20484,-1702,15244,447,-3021,1703,
14368,-1150,22260,-277,979,1371,
4938,-888,10520,-21,-97,-700,
2026,-4586,19648,-175,-908,-290,
1966,-3230,18612,-33,166,13,
492,-1796,16990,301,239,-146,
406,-2020,16376,34,512,-13,
218,-2230,15362,36,238,60,
786,-1982,16698,-184,92,413,
488,-1678,16642,166,113,139,
850,-2104,17320,-185,-150,376,
758,-1794,17332,232,198,29,

654,224,16794,143,365,-69,
90,570,15562,172,254,102,
-5160,552,16174,-132,-444,105,
-11692,-2214,16416,135,-891,874,
-15876,-8474,19636,271,-1064,3195,
-11206,-13756,18070,878,148,5862,
5548,-10688,15240,94,1764,8404,
19434,-2022,16590,-83,180,6480,
18730,248,13920,-692,368,4092,
12510,-134,17090,90,424,1404,
5562,-246,15356,-433,-339,268,
2338,-2756,18496,-23,-739,-385,
1614,-1910,17602,-203,440,19,
876,-488,16276,87,177,-271,
-332,-638,16216,-29,302,-212,
-622,-1736,15658,-175,107,178,
760,-864,16896,-83,-107,268,
2040,-556,17430,-243,48,91,
1160,-972,17330,-173,204,17,
680,-976,17456,-112,-93,-68,

684,-354,16532,23,-204,29,
632,-378,16896,130,-172,151,
-1548,650,16676,48,-20,270,
-7786,-592,19300,13,5,740,
-16816,-8310,16224,442,-300,2685,
-14230,-4994,16984,1635,-542,4534,
-3416,-6500,15754,81,985,6112,
11300,-7606,11346,-1097,-390,5465,
17054,1232,13224,-1046,227,4581,
18188,-1238,17580,-208,-214,2498,
11768,1214,14712,-674,601,157,
4398,-3856,17800,-286,-771,-675,
1820,-3872,18486,-178,438,-378,
576,-1356,17338,206,203,-482,
-506,-1758,16448,129,557,-235,
-984,-1072,15538,90,360,107,
-32,-574,16394,1,103,236,
698,-756,16032,-166,-4,252,
878,-554,16416,-192,-68,156,
564,-1164,15854,-405,-31,78,

1892,512,16944,104,-42,229,
1812,918,15960,83,254,130,
1888,788,16620,-63,-145,112,
-14978,-5636,16616,852,-543,1847,
-15358,-12124,17494,1604,-626,5044,
4784,-14480,19462,378,2784,7191,
21398,1802,15212,-2479,2556,6663,
16424,2606,13754,-430,-1136,1396,
9680,-4,20886,-946,373,10,
2214,-2418,14538,-885,154,-404,
1510,-4866,19288,-324,-990,-594,
1236,-3276,18092,-269,302,-156,
86,-1316,17272,69,238,-281,
-616,-2708,16348,136,307,-125,
-752,-1842,15904,56,129,42,
290,-2458,17254,-26,133,48,
214,-2294,15622,14,14,80,
172,-2132,16980,-9,115,31,
-462,-2136,16296,-14,87,-90,
-404,-2264,16192,-99,5,63,

1202,-910,17958,-121,-156,-106,
1106,-494,16476,-280,-300,-33,
-602,-1252,18606,-184,-143,232,
-9764,-3890,20336,-231,599,725,
-17466,-7754,17820,1018,788,3184,
-13590,-10166,10586,786,547,5976,
1626,-5326,9456,-1199,905,5853,
21618,-8784,15072,-3576,-777,5617,
24798,1930,16270,-1277,-1115,1404,
11052,-4646,20314,-84,-68,42,
2010,-5686,16174,-109,206,-464,
1060,-8466,17366,161,-136,-58,
2020,-2766,14202,14,602,-70,
648,-1322,16300,465,239,-485,
-792,-3008,16984,454,181,-318,
-566,-3902,15430,-79,-81,202,
624,-3182,16464,2,-197,142,
726,-2512,16754,196,-73,84,
988,-2616,18036,289,-21,167,
568,-2484,16308,255,238,136,

1272,550,16696,24,22,-74,
1002,708,16724,-6,-18,-90,
1076,862,16474,-135,-123,-103,
-20898,-8660,17468,971,282,3258,
-7086,-6634,11678,262,343,5721,
16890,2712,17022,-1448,-174,4511,
22070,-1446,20004,-1522,251,1858,
14840,354,16630,-295,852,-631,
-2348,-100,9492,-521,417,-500,
3874,740,24968,-269,-947,-811,
-274,-8168,15804,326,998,-291,
220,898,15664,-187,615,-93,
-128,382,17256,46,246,-135,
-1150,-1614,16034,88,543,-218,
-1080,-2226,16052,-233,368,31,
-606,-1448,16996,-366,384,121,
-568,-1806,17306,-156,240,241,
-610,-1646,16316,-146,359,137,
-888,-2154,16426,-109,257,66,
-1154,-1446,16372,-162,292,64,

2096,1060,16478,-133,93,-270,
1732,908,16962,-161,33,-339,
1484,390,16942,-287,87,-347,
-12126,-2088,20176,-504,581,-733,
-19586,-6520,24426,1131,-539,2747,
-10598,-6812,14236,876,2776,4156,
4746,3712,9312,-1488,1127,3874,
18472,-982,17518,-1461,-476,2238,
18310,-2974,18116,-597,460,653,
8766,-2464,16292,-441,602,-279,
1662,-3046,16094,-134,-26,-379,
112,-4206,17836,-77,-28,-623,
470,-3348,16784,-119,85,101,
556,-2514,16884,-63,42,-50,
280,-802,17130,-150,395,-19,
-1632,-2038,15542,-186,-224,-106,
-156,-1614,18370,112,369,-78,
-636,-2742,15422,-146,60,307,
-60,-1376,17128,55,61,-13,
-148,-2240,16764,18,19,56,

2236,1092,17794,-47,140,-33,
1224,1128,16964,189,158,-148,
928,970,16704,63,120,8,
-27176,-7412,15958,735,2202,3397,
-16560,-3808,9690,328,1309,6023,
9680,2722,11130,-3188,-1056,4979,
22326,-5734,21376,-2011,-1436,1453,
19428,-2514,20162,-802,277,655,
9098,-104,13564,-957,1099,-306,
3068,-2432,15022,-659,-1122,-1609,
888,-6144,20834,-275,-93,-969,
636,-3926,16242,-341,340,-222,
182,-2422,17040,-124,102,-333,
262,-2516,17688,-76,214,-228,
-208,-2786,16272,26,289,-83,
318,-2054,16588,-47,-39,109,
308,-1718,16582,55,108,32,
490,-2458,16056,-120,-179,236,
916,-2434,17182,115,77,5,
622,-2760,16566,82,-43,245,

1298,-286,17382,-4,82,-97,
1242,162,16262,48,91,-15,
-5788,1000,17780,-193,211,-31,
-18260,-5756,15632,-76,60,860,
-17398,-7842,13376,-1692,-1325,4029,
-5112,-7536,13556,-33,-4066,3212,
18724,-8646,23706,-1015,-84,4615,
26110,904,13264,-999,3243,2086,
17630,-2230,10628,1533,-393,-577,
7988,-1960,15310,-77,798,-1194,
2406,-5658,17018,166,-109,-1693,
1204,-6104,18846,-113,694,-304,
-1220,-4954,13910,272,713,282,
2870,138,18262,354,908,49,
-780,-3756,16740,355,644,-165,
834,-2640,17064,171,486,68,
1210,-1714,15892,-139,283,50,
652,-1508,18356,35,284,-63,
64,-2770,15624,19,462,-49,
268,-1954,16928,181,171,-107,

-1756,1926,16638,-156,-1,178,
-1454,2164,16578,-735,39,376,
-4294,1852,16708,-927,-459,232,
-16692,-3368,22130,-781,154,608,
-18440,-8896,15680,455,-188,3032,
8584,-6414,16650,-1020,743,4008,
23460,-2958,15618,-515,667,2862,
18258,2194,15396,338,289,586,
8874,-2094,17096,-150,1118,-438,
1676,-4588,13950,127,-430,-587,
1258,-1702,17896,-102,-402,-368,
1422,-56,18332,-52,286,-501,
-556,-1848,16128,47,260,-386,
-430,-1986,17100,33,38,-186,
-266,-2086,16352,-92,-16,-18,
224,-1292,16612,-102,19,120,
332,-1218,16846,115,-138,-39,
440,-1436,17478,27,88,163,
210,-1674,16408,174,100,16,
302,-1692,16480,-43,172,161,

2490,1132,17924,47,-33,153,
1332,1426,16154,-52,-36,-38,
-678,2432,16832,-237,132,15,
-13264,6588,15258,-68,-24,-457,
-26412,-4062,24002,1322,434,-83,
-7870,-13560,12784,-1729,3157,4644,
16810,2914,17554,-2212,-121,4788,
22366,2666,15442,-1387,1488,2040,
14152,-3292,17484,478,-890,736,
6258,-1912,15884,-869,867,427,
2248,-2238,17372,-203,-1087,-575,
2228,-2018,19196,-341,154,-253,
976,-2192,16530,-108,233,-410,
894,-634,17516,-106,396,-342,
-140,-2108,16158,-5,239,-294,
-154,-1110,17956,-97,162,-192,
-408,-1752,17824,81,215,-106,
-880,-1830,16602,173,90,217,
-76,-970,16672,140,-21,272,
338,-562,16340,144,118,163,

2498,-600,16786,48,73,-31,
2414,-400,16298,57,99,-42,
908,298,17204,-139,141,-25,
-8384,-862,22684,-190,455,-35,
-25266,-12720,22166,1669,1367,1203,
-13386,-14724,14464,1648,2606,6986,
17788,8592,10386,-1560,2217,6463,
21802,-4286,16098,-492,-1894,1003,
15330,-2938,21886,-335,321,-6,
7200,-270,14304,-657,1791,-680,
572,-3208,15588,41,-1257,-1203,
516,-4476,18020,-81,143,-378,
362,-576,15038,-172,-201,-219,
-4,-754,17708,-131,90,-309,
144,-2004,16706,-295,0,93,
198,-372,17186,79,-85,-161,
-8,-1254,16836,4,-5,-160,
-78,-1110,17050,106,168,-261,
-66,-836,16786,35,135,-52,
316,-626,17142,237,208,-97,

2526,1850,16430,-6,177,-34,
2350,1422,16396,2,64,16,
180,2560,16848,-300,64,-27,
-11174,5250,17948,-724,674,-245,
-24764,-6774,15706,-2296,1472,2011,
-9250,-9616,19208,-1753,759,5978,
17646,-4690,20620,-2614,1162,5213,
19880,-3982,20280,-266,161,1859,
12982,-7180,16996,558,868,356,
4950,-2156,13736,261,197,-297,
2048,-2796,14782,634,-741,-1066,
766,-3684,17410,4,-55,-602,
170,-1072,15850,168,-153,-673,
-138,-2818,17624,118,-154,-595,
-444,-1642,16830,237,184,-624,
130,-2362,16906,194,86,-295,
-576,-656,16544,840,567,-702,
-544,-552,17078,646,305,-331,
-594,-2436,16070,621,364,-299,
-708,-20,15792,-1,172,95,

426,1226,17478,-105,-127,-168,
836,1970,17206,-10,170,-127,
42,606,15738,-146,60,-33,
-23364,-4394,16780,-9,164,-95,
-18844,-6290,16236,-828,339,2712,
3690,-7770,15182,-1907,-307,3351,
18936,2334,21388,-2316,1590,3525,
17352,-1500,11150,427,91,1704,
12932,-2952,18248,548,-344,1335,
6456,1654,10022,-226,-645,-201,
1876,-3692,18992,251,-588,-718,
80,-3008,17122,-219,451,-44,
336,-462,16398,118,143,-388,
-340,-2078,16850,-75,159,-164,
188,-1494,16414,-191,-31,26,
-250,-2308,17090,142,-56,86,
-558,-2288,16928,-72,115,397,
92,-1530,17028,176,87,262,
82,-1532,16398,207,146,344,
-130,-712,15870,23,19,382,

1158,640,16216,118,47,46,
1344,1066,16396,68,2,-68,
1092,814,16498,-49,142,15,
-18792,-4852,18128,-706,-398,813,
-22700,-9632,23344,1456,-11,3473,
-4658,-5062,14696,-325,739,6528,
19996,1530,19296,-1604,312,4219,
21452,638,11570,-882,942,2448,
15394,-8266,21124,952,134,634,
4996,2776,8238,-618,1017,-1190,
-506,-4834,20250,-51,-1795,-1245,
-148,-4902,20320,194,550,-457,
-340,-516,14958,123,361,-254,
-874,-232,15822,-22,24,-275,
-1316,-1134,15468,-64,-193,-211,
-738,-2220,17750,327,-178,-35,
426,-194,16812,-112,259,215,
48,-1128,16820,-11,11,23,
10,-1208,16984,-15,-49,157,
-94,-1036,17164,78,95,-78,

2684,678,16430,143,206,-90,
1814,230,15926,14,243,-168,
1956,478,17056,-71,-32,-83,
-13740,2226,22482,-745,943,-1620,
-31308,-9838,17894,113,1111,601,
-17414,-23542,11938,641,508,4640,
24508,-6002,18030,-2627,723,8609,
26316,-4090,18978,-151,-7,2970,
18240,-1250,17400,495,-741,1299,
9300,1570,15098,-474,628,-405,
3680,-4812,17712,-141,-1683,-962,
2556,-5080,19506,-212,405,-898,
258,-3606,16534,-318,670,-575,
40,-3264,16884,-91,276,-401,
0,-3406,16804,-54,224,-279,
702,-2892,18158,92,179,-60,
340,-2904,16334,213,303,-143,
-160,-2938,16014,156,184,-20,
460,-1918,16448,-63,-73,123,
314,-2422,16112,68,-43,-40,

