200,-2280,19168,308,579,-172,
-430,-2560,17270,-108,931,255,
240,-3080,22220,-934,-998,544,
-1024,-5806,25542,-358,-2711,984,
5522,-1822,32698,481,-2436,869,
3390,-3608,20456,3442,-464,-580,
1328,-1600,8228,3679,489,-599,
1962,-74,5234,1899,2034,-718,
556,216,5692,906,1804,-26,
0,1816,8692,37,163,-104,
766,1580,12398,-726,56,-207,
312,488,14840,-637,-584,-306,
1264,664,18514,-304,-365,-138,
974,624,17634,9,141,43,
1378,1496,17424,49,86,104,
1768,1762,17154,237,162,79,
1188,1498,15916,89,224,-53,
876,1724,16312,109,233,-4,
978,1590,16388,163,126,58,
802,1778,16934,406,165,172,

680,-2660,15410,-111,241,189,
548,-2570,17236,-118,4,0,
1208,-2344,19654,-799,131,-164,
1822,-5026,25836,-146,436,-666,
-136,-6392,31372,1038,417,111,
-712,-5108,21044,3901,-1426,522,
1734,-1684,21154,4425,-1366,370,
1466,-452,13878,4654,837,98,
252,3116,1062,1277,2279,-141,
390,3788,3772,-230,-126,238,
976,2288,7852,-1007,-192,103,
670,2788,11554,-913,-800,-453,
796,1050,17610,-860,-1108,-188,
1152,1768,19486,-412,154,15,
886,2476,17456,-207,195,57,
904,2752,17444,68,-98,52,
1492,2348,16986,-60,-58,78,
1182,2196,15828,105,87,39,
1242,2212,15940,-194,42,62,
1390,2424,16308,-105,71,-12,

1014,-4236,16944,192,352,-397,
-4,-4150,15988,141,372,-45,
2144,-3426,22492,-312,-421,259,
1460,-5518,28250,901,-729,316,
932,-4012,26322,3807,-725,160,
1662,-1382,21550,6059,-2958,-52,
2210,1322,18080,4445,-1258,-389,
2414,1946,10442,2793,-64,-815,
1082,1118,6738,-588,2070,-122,
1046,3080,3260,-73,786,-140,
1772,3020,8542,-1346,338,27,
1462,2590,11564,-1290,-253,-189,
1646,1624,15852,-889,-1036,-268,
1858,2408,19446,-768,222,-61,
1872,2760,17548,-205,474,132,
2154,3356,17634,40,398,83,
1750,2920,16410,169,95,86,
1688,2968,15886,56,245,69,
1722,2708,15774,-63,170,120,
1804,3188,16160,-18,33,-37,


1102,-3040,16764,120,159,-176,
786,-3050,16992,405,120,-199,
1556,-2430,19660,972,300,-288,
3342,774,27692,3626,-65,-789,
2060,994,27628,2980,63,-780,
2238,566,26210,3824,-497,-502,
-50,908,19528,3759,-523,-466,
-1076,1502,7656,1611,75,-676,
-28,1300,10164,122,2509,291,
-858,2468,2172,-823,981,129,
-166,2974,11526,-965,-85,-387,
-630,2704,13842,-1029,357,-381,
-970,2784,15258,-754,-189,-454,
-892,2410,17302,-586,-443,-168,
-1016,2810,17020,-1005,-314,-133,
-266,2532,15786,-1393,-466,4,
-360,1964,17016,-533,-450,5,
342,858,17308,-615,-135,224,
340,1350,16748,2,-59,23,
620,1140,17828,-95,-11,25,

-318,-774,16600,116,136,-77,
-522,-1498,16406,67,54,-29,
500,688,21160,-370,-85,241,
1544,-14,30590,42,-1516,499,
2020,1018,32767,3911,-1904,323,
2134,1248,23112,5359,511,-219,
-972,220,7024,2326,143,-105,
460,2162,7156,-131,-383,-9,
-180,2436,5544,-2864,1859,404,
474,2230,8336,-410,-1080,-199,
1188,1312,15122,-1380,-230,99,
1466,1546,17020,-751,-106,-259,
540,1042,16482,-7,222,-209,
314,1954,16932,34,210,-204,
160,2304,15990,7,214,-43,
936,1384,17346,-40,-275,64,
892,1692,15918,259,316,31,
502,1586,15052,-370,110,136,
1272,2536,16398,-330,-48,-84,
898,1468,17930,-247,-46,-23,

88,-288,16064,-76,-43,-74,
62,-1110,16562,64,135,-57,
-78,-898,16090,-451,-13,-21,
2946,1688,26936,3108,-1124,293,
2818,1790,22218,3701,-169,-356,
1330,-796,14794,3298,514,-470,
1812,3918,1972,-1195,548,-1058,
262,2088,10416,502,1193,-299,
-284,660,7026,-189,-678,-498,
690,1760,14912,-658,-73,-492,
274,1684,14592,-628,431,-189,
-2,2102,16302,-127,-177,-209,
38,3002,16744,-119,318,-135,
-398,3014,15820,46,-48,-77,
96,3060,15970,-306,-169,88,
926,3196,17280,-197,43,252,
618,3028,15938,53,25,7,
598,3512,16194,-64,45,-92,
718,2910,16836,-139,3,-61,
430,2842,16588,-65,-28,-75,

-116,-1036,16674,-78,230,-351,
-738,-1878,17502,44,348,-246,
-982,-2042,16316,134,126,-71,
642,-542,23114,-482,-326,301,
1782,336,32767,1120,-1332,672,
1908,-790,27656,4678,-414,134,
660,640,15832,3913,-635,-153,
-608,2376,3844,2411,-1426,-380,
488,3048,9492,-758,-260,-418,
-826,-324,8012,-449,561,-134,
1408,1778,12044,-377,289,-127,
1052,2106,13758,-688,509,-59,
926,2152,15786,-459,-138,-224,
678,1926,16832,-81,-60,-195,
778,2048,17464,-216,295,22,
612,3020,16102,258,154,4,
640,3032,16702,205,15,-81,
846,2986,15500,-59,54,80,
840,2970,16412,-77,-17,-52,
1086,2800,16790,-10,32,-33,

-84,-2582,16852,-81,157,-42,
-400,-3018,16576,113,197,-43,
-106,-2810,16834,-49,101,-5,
536,-2808,26668,10,-852,800,
2122,-1592,32767,2116,-1044,623,
3364,-2240,27866,5359,29,21,
-68,-2476,15900,4623,961,205,
-682,2474,4818,2961,658,175,
2,3376,6264,-881,1170,-365,
-12,3488,3474,-412,-234,-679,
-434,906,12280,-243,-190,-529,
-836,1034,13612,-625,-473,-553,
-1112,1226,17764,-509,-205,-194,
-586,2838,17934,-61,196,254,
-862,3014,16830,119,155,44,
-674,3544,15694,-33,4,52,
-34,3360,15806,-143,-55,5,
-570,3556,15638,-253,-100,-20,
-448,2740,16534,-119,-111,8,
-134,2938,16986,-251,-7,51,

496,-2688,16490,165,125,-164,
414,-2326,16526,294,337,-33,
640,-1464,16488,344,459,8,
1514,222,23704,-682,-405,41,
1588,2004,32767,1256,-761,-506,
3038,-104,32220,4063,-666,-1527,
598,-456,20308,4073,-86,-1343,
-956,-1394,9572,2706,109,-774,
262,1236,6632,1679,415,54,
-570,1044,4512,-1495,1248,396,
138,3088,6324,-1406,250,-164,
-196,772,14254,-1635,-249,-40,
-188,2274,15994,-552,-412,-534,
-320,642,18064,-659,391,-32,
-726,2546,15500,-324,290,-12,
-468,2012,17366,-144,123,-2,
-286,2428,16496,-115,69,6,
2,2288,16252,-190,48,-31,
-88,1612,16578,-167,118,62,
-210,1726,16584,-56,89,57,

218,-2602,17764,198,141,-25,
-100,-2758,15016,-4,-8,7,
748,-2118,17818,-206,-78,7,
2158,-872,25418,304,-241,-124,
2262,-1126,30138,1757,293,28,
2026,-1310,27826,3335,523,-338,
-40,-1994,16404,4936,393,-641,
-1568,202,9170,2243,120,-245,
-1058,1402,7946,2428,-1130,207,
-1130,276,9800,93,723,0,
-636,1970,7852,308,-656,151,
1106,3590,12804,-576,-515,275,
1536,5446,14564,-541,-53,-53,
554,3706,15670,-439,104,-98,
650,4018,17158,-449,-213,-54,
32,3824,16998,-12,227,-116,
550,4218,17018,-125,-126,-10,
824,3988,17024,55,-107,47,
1334,4204,16818,-51,-34,-48,
904,3822,15572,292,161,-174,

-204,-2504,16290,-173,186,-31,
-236,-2474,16654,45,0,2,
834,-1098,18846,-164,-214,-1,
3148,-3196,32192,-404,-729,426,
3622,-1980,32767,4195,-440,-920,
610,-4082,21048,5859,1140,-448,
-2232,946,-2184,1615,-226,-402,
-980,-338,3866,-275,-1520,-429,
-708,-682,6122,-1118,1355,282,
166,1328,8504,-835,-124,-481,
-670,636,14594,-711,441,-227,
-762,1526,16198,-73,44,-390,
-822,1656,17720,-157,271,-45,
-1270,1854,16978,299,271,-163,
-572,2008,17632,-395,151,508,
-988,2428,15236,369,72,-49,
-238,3052,16390,-309,-116,143,
-588,1776,16496,-45,-104,18,
-748,2166,16252,-149,-109,12,
-276,1652,17042,-177,-179,96,

152,-3410,16216,106,251,-120,
324,-2450,16392,37,148,-215,
78,-3158,16628,29,151,-75,
1586,-4962,28478,-1471,-184,676,
2822,-5726,32767,481,-487,699,
2090,-4682,21194,1984,-881,235,
-1500,-5016,11696,-289,-1492,-786,
54,384,8048,2327,358,-142,
674,-1472,6788,2030,1717,-290,
412,-676,6188,818,1030,-354,
354,-1202,12792,200,-331,-587,
-448,-1258,16284,-3,325,-235,
-394,-196,17010,88,405,-136,
-632,34,16576,218,270,-114,
-304,104,17248,-170,-101,94,
-246,68,16580,49,79,61,
-138,188,17080,96,-12,120,
366,136,17816,-57,81,62,
-128,-214,16512,172,93,-53,
-166,24,17014,105,-111,-65,

-208,-2146,16988,13,189,-21,
-472,-1996,16278,-12,55,-82,
-248,-2086,16508,24,142,-68,
198,-3478,24770,2963,-1339,421,
-238,-342,18024,3501,210,-307,
-160,146,9926,1435,-179,-619,
-654,-490,3986,-1980,1330,-594,
-1454,708,3990,645,123,-342,
488,1696,11656,-677,-779,-107,
526,1498,16170,-424,125,-167,
374,1254,17560,-518,350,-100,
-250,-78,16294,282,2,-203,
-510,980,16768,-391,206,128,
-16,950,17142,-97,-39,76,
722,1148,17444,105,213,119,
0,1150,16304,109,204,85,
154,1350,16334,-66,64,-43,
-170,1058,16532,100,-12,-168,
-222,952,17350,-135,90,-1,
-90,1508,16920,-92,-66,-97,

974,-1600,16836,33,180,-131,
560,-2182,16582,-312,360,76,
1324,-1030,19378,-408,188,174,
2782,-1422,27424,-155,1041,138,
1636,-1602,30086,1329,496,538,
10,-2318,24736,3368,1421,111,
-2716,-1542,13094,3212,1625,32,
-2570,1546,5250,-190,-21,235,
-1774,1986,9878,646,-744,81,
-1964,-512,9530,1091,-121,-521,
-1404,1080,10818,350,-868,-223,
-56,1920,14440,-309,-623,-88,
-338,2396,15544,-390,66,-194,
-672,2266,15850,-283,10,-179,
-684,1784,16594,-256,-57,-89,
-918,2224,17438,-196,181,-73,
-1102,1684,16564,59,43,-40,
-748,2100,17390,-108,-256,90,
-318,1800,17282,96,65,44,
-552,2008,16244,14,77,3,

534,-2118,15934,-81,71,-57,
996,-2086,16956,-57,9,-7,
1022,-1690,18856,-124,145,-68,
1578,-170,23186,-192,762,-122,
1834,-2108,26598,992,-1338,342,
3258,-1924,31402,2634,-973,-46,
2782,-2796,28286,4365,58,220,
-28,-3614,8008,4697,1525,-390,
-2054,1604,-260,3039,-1991,-393,
-18,1068,3578,-891,1143,653,
2542,5116,7036,-1203,-108,8,
2364,2512,13560,-1230,-400,-365,
1372,1988,18484,-830,-13,-400,
610,1916,18492,-389,607,-141,
-242,3124,16796,-182,524,-60,
228,2624,17098,-33,-288,-23,
956,2792,17996,60,88,164,
1020,2872,15978,80,202,123,
768,3002,15748,155,69,14,
1116,2700,16430,-69,-70,107,

604,-1792,16742,-1,197,36,
490,-1566,16062,37,-79,54,
2086,-1038,19590,-365,151,-21,
2016,-2848,24832,-1167,1124,135,
1174,-4880,31456,-2855,3014,2667,
-1812,-3434,23208,1873,-1477,1047,
-1122,-2052,21072,4157,-1611,215,
-2746,-5166,8240,2448,-533,920,
50,4568,424,2358,-947,144,
-292,-934,6476,-156,-231,-108,
1498,1348,10702,-587,-243,-441,
1148,332,16236,-524,101,-609,
66,518,17860,-135,122,-420,
-18,424,18530,-131,401,-131,
-332,850,16730,95,-34,-73,
124,884,16470,-19,-145,98,
792,726,16052,-222,41,153,
1526,1440,16416,-322,263,123,
1056,806,16714,-84,137,-93,
524,76,16706,-172,182,-63,

700,-2042,15876,-16,-49,-60,
780,-2038,17304,-324,38,-100,
2086,-228,21642,-547,97,-47,
994,-5852,32767,-397,171,477,
-644,-3878,32767,3619,1461,499,
194,-1976,19144,6013,775,793,
-70,1270,5420,2877,94,970,
3184,9414,-3400,-2283,-926,-1184,
-492,-4402,9098,-611,-872,-818,
144,144,10986,-1450,113,-490,
-670,-542,15168,-333,-388,-781,
-638,306,17574,-199,292,-365,
-194,796,17916,-73,211,-104,
-282,1718,16172,109,207,-102,
-342,1244,16476,-50,22,11,
36,2120,16962,-58,104,-11,
-4,1100,16504,-88,-140,-26,
-196,1906,16434,92,87,-152,
-184,842,17394,-119,-252,-8,
-66,1702,16292,136,105,-104,

104,-2252,16010,-171,136,-54,
126,-1844,17340,-212,329,-150,
1702,-2506,20458,-405,192,93,
2438,-2488,28742,-172,457,553,
1216,-3152,31722,931,-11,1232,
-158,-3018,19726,2571,-1123,878,
-842,-3136,16138,1682,-1623,898,
668,3676,9412,2260,-854,-285,
1998,1418,10778,1684,573,-876,
-790,-1152,4092,7,1118,-476,
668,544,10104,-222,-358,-419,
944,1498,14536,-784,219,-371,
278,206,15318,-70,-542,-581,
248,-134,18084,-173,-110,-230,
574,358,17858,-256,26,53,
1168,1578,16316,124,72,27,
1036,2210,16376,223,-54,-5,
1098,1660,16010,-59,-213,31,
1056,1066,16306,-291,-233,111,
1556,1256,17068,77,-3,-11,

782,-1948,17152,-8,132,-120,
834,-2562,15774,136,208,-123,
1524,-1886,21090,248,-1690,671,
3154,-2550,28662,1427,-1371,708,
3466,-1322,27114,2944,-663,757,
2152,-1036,21770,3299,457,428,
-496,-1124,8052,2661,137,31,
-342,1182,7482,-945,1563,1073,
898,3930,3860,-822,2063,25,
712,688,9600,18,-1243,-786,
1176,-582,17140,-312,-297,-555,
420,-232,15780,-113,161,-405,
268,908,16874,-26,-19,-249,
780,1310,16674,-387,63,-233,
554,650,17630,-25,-139,-237,
1058,1044,16878,-119,12,-3,
1140,1630,17054,-45,196,-117,
534,828,16980,173,156,-188,
442,1410,16524,-76,154,-70,
586,1202,17486,143,45,-72,

1156,-954,17776,30,206,21,
1008,-2050,15892,100,141,-4,
1106,-1728,15988,-37,25,-14,
1946,-772,25706,-125,-81,617,
2754,-4056,32767,109,155,2186,
-544,-5814,23778,1065,1209,1513,
-374,-928,18682,5235,-405,668,
-1076,48,5360,3014,683,649,
1182,3526,3006,105,-1520,-318,
-78,-1374,7936,-2652,1224,598,
-162,-50,8598,-497,-999,-604,
706,-1048,17060,-673,-407,-381,
750,-260,17758,-241,522,-376,
216,342,17356,15,409,-180,
224,588,17994,203,148,-181,
0,440,17338,162,-39,-167,
384,800,17154,-4,-19,-65,
794,1072,16810,399,280,-180,
392,882,15002,150,819,-1,
-234,1588,15466,-213,250,-13,

1272,-3000,16874,-112,-9,74,
1084,-2636,16712,-96,153,40,
1382,-2076,17850,-1082,318,921,
3272,-1906,26630,-1698,-272,488,
2416,-8290,32767,357,-695,1693,
788,-7892,17504,5972,-917,288,
-1478,-1226,10776,3535,-328,398,
976,4570,1784,3139,-1006,-401,
1948,-1882,9706,1603,2046,-953,
714,1240,5818,18,279,-525,
1316,1562,13428,-104,-402,-648,
670,2940,16232,-507,193,-344,
612,2990,15800,-324,158,-349,
548,2296,16460,-549,-16,-147,
556,2404,16914,-684,-5,-29,
1094,2140,17712,-283,52,-76,
652,1892,16452,36,123,-160,
706,2034,17528,-215,196,79,
784,2034,16270,128,171,-57,
1058,1766,16414,-116,-17,-2,

530,-2164,16822,210,238,-20,
844,-2082,16132,111,63,-14,
1344,-1460,17414,-69,20,-75,
3828,2952,26350,-794,239,333,
614,-2986,32767,2705,941,-721,
-1840,-4206,24738,4775,746,636,
-996,-1838,13108,4858,-831,404,
14,1222,2590,-1120,281,680,
168,2780,8152,1015,-1653,-655,
408,988,7900,-64,584,12,
1296,2098,11266,-133,-335,-140,
668,2684,13614,-750,170,-234,
56,2908,16436,-584,-27,-186,
542,1826,18050,-615,94,84,
832,1876,17530,234,407,-257,
90,2354,16664,-108,152,-19,
504,2338,16764,-10,17,-103,
224,2274,16290,56,-9,-44,
926,2402,16884,-248,10,108,
694,2552,16282,295,78,-212,

1468,-1970,16220,-156,186,-69,
1514,-2052,16148,80,79,-86,
2230,-1212,19262,468,278,-793,
3394,-1444,28412,-156,104,-288,
2554,-2610,32767,2071,1218,138,
322,-5728,22138,4637,109,1243,
-574,-136,9532,1778,-80,1176,
248,4440,8640,2111,-978,738,
1824,1134,7644,1890,1674,-548,
1016,4580,4122,-576,355,-270,
242,2260,10128,-795,-534,-485,
-26,1874,15834,-1173,-974,-184,
570,2190,18276,-604,35,-4,
534,2814,16566,-465,475,191,
750,3590,16512,-154,194,-48,
872,2534,17160,-113,-50,-61,
648,2260,15748,-120,89,7,
1082,3222,16842,287,312,-211,
840,2980,15750,-547,251,176,
894,2666,16664,-196,35,-189,

1194,-1042,16054,-22,335,-111,
1076,-1176,15994,75,146,-137,
948,-1486,16580,-159,113,13,
3148,-3190,32767,-220,-285,1426,
2702,-4536,29174,4299,1080,1161,
1874,644,14144,5271,1026,804,
472,528,6728,2381,-472,-65,
1068,956,5712,767,127,-603,
-380,2680,1406,-611,1950,-465,
116,2570,10742,-759,-1007,-718,
-854,1182,14352,-926,-605,-492,
-542,2544,17460,-600,-91,-311,
-468,1978,17054,-220,-68,-227,
-578,2526,17058,-288,256,-47,
-400,2548,16484,-108,-74,-24,
-22,2716,16628,-86,95,41,
114,2624,16384,-80,93,11,
334,2854,16556,-176,-16,-149,
-48,2052,16528,-32,85,-93,
-286,2268,16468,-91,90,15,

98,-3258,16496,-176,161,40,
-144,-3460,15858,-201,-91,29,
-168,-3056,16670,-77,-39,18,
326,-1706,24690,-354,-430,-39,
3522,-3680,32767,1566,-822,352,
2496,-3910,27552,5731,-219,-419,
-572,-3818,11416,3945,564,-266,
-948,514,-622,1614,-594,138,
130,-1946,6476,-166,833,-225,
744,2160,6298,-288,270,-238,
576,1126,13114,-399,-355,-477,
-508,1818,17308,-423,189,-378,
-558,1774,17970,-186,376,-204,
-926,1598,17098,71,380,5,
-718,2562,17576,-168,280,98,
-236,2148,16840,327,-106,-55,
-42,2302,16438,139,39,76,
14,2254,16198,35,50,9,
0,2576,16408,110,-48,-99,
-84,2626,16574,83,-93,-136,

972,-3038,16654,-184,78,-195,
692,-4208,16540,-268,229,-187,
2036,-2322,21500,-464,514,-38,
712,-5694,30760,637,-131,434,
634,-5802,32767,3451,-684,648,
1260,-5700,24842,5813,49,217,
-764,-3052,6928,5099,772,-48,
208,3814,1548,1002,1388,194,
758,704,-1076,-484,355,-627,
-404,1264,10180,-1200,-965,-714,
-1134,558,17122,-736,-650,-576,
-1278,1372,18544,-746,294,-83,
-826,2874,17412,-356,260,-80,
-1008,2232,16692,-183,44,-75,
-518,1972,16964,-93,-37,1,
-662,2006,15984,-27,-94,82,
20,2472,17158,-231,-125,107,
228,2040,16770,87,-7,-39,
-100,2298,16152,-180,138,-27,
-242,2088,16982,-37,-92,-144,

1568,-2280,16344,-38,119,-121,
1346,-2250,16256,-97,134,-52,
1396,-3066,17416,-348,209,-121,
2686,-2610,24064,-679,361,228,
2220,-6562,30580,-446,-846,1270,
2014,-3980,28086,1077,1574,1510,
670,-4556,17080,2359,170,902,
-922,-1814,7502,2795,-256,48,
1002,-176,7490,2609,379,-444,
708,-184,8754,584,850,-468,
816,848,6604,-120,12,-527,
106,746,14928,-573,-176,-515,
-910,-6,17534,-765,307,-263,
-1038,208,17072,-412,370,-125,
-722,154,17484,-112,76,-118,
-272,20,17598,-46,24,-47,
-468,474,15758,-52,-98,-97,
-192,-108,16956,-222,-79,-14,
44,102,17080,-28,140,-138,
-114,-392,17896,9,102,-130,

2006,-2580,16350,34,83,-148,
1750,-2316,16542,205,-199,-341,
1820,-2518,17360,-527,122,-3,
3322,-2152,23232,-1251,290,167,
2984,-4662,27522,-737,150,243,
2868,-6378,31924,1352,178,818,
1294,-3282,17128,5257,618,-822,
-324,-4694,9426,3522,1236,-28,
172,2556,5170,1392,100,118,
-182,1746,10242,587,442,-42,
250,1172,9402,-113,95,-145,
166,1036,12472,-301,-572,-160,
780,1708,17112,-451,-103,-254,
210,1288,16860,-233,411,-150,
-356,2016,16172,-221,280,-70,
116,2160,17112,-200,27,-81,
400,1220,16708,-348,-93,-59,
320,1300,17338,106,154,-177,
176,1404,16738,-94,205,-47,
-226,1900,15842,75,-11,-156,

1350,-3838,16596,27,152,-19,
1112,-4230,15432,22,25,-54,
1262,-3822,17368,-103,-12,41,
2934,-2860,23316,-481,-19,429,
2018,-7962,29964,762,-1177,966,
3366,-4646,32742,3481,-500,1133,
1790,-4282,21754,5485,981,383,
-346,-1826,7150,6083,127,227,
2724,3148,5460,2079,1955,668,
1286,2196,148,94,2198,-485,
76,1126,7972,-260,-621,-486,
-820,1860,16128,-543,-717,-552,
-1512,2208,17616,-476,366,-210,
-852,3782,17154,-98,12,-221,
-1078,3196,15964,8,41,-195,
-704,3172,15886,-77,-142,-42,
-340,3392,16334,-99,-60,125,
718,3756,16982,-371,-2,48,
706,3764,16498,1,316,-58,
-254,3622,15072,73,38,-324,

2116,-2390,17980,-86,92,-93,
1894,-3312,16658,222,-138,-145,
3328,-1910,20098,-64,429,-264,
3640,-5206,24924,-1157,-71,72,
4320,-7822,32346,-221,-129,1042,
2962,-5074,27314,3382,-385,188,
54,-5162,16618,5469,877,-640,
-222,-386,5140,5235,700,-953,
622,790,3662,2708,1394,-974,
76,1998,2112,329,1982,-867,
-340,2318,10172,-466,-346,-591,
-1240,3094,16540,-743,-547,-410,
-1760,2760,16434,-217,-170,-336,
-958,3150,18218,-259,-166,77,
-234,4050,16512,37,11,42,
278,4026,16458,-214,-138,75,
-190,3664,15686,-26,-12,-39,
-326,3272,15852,-369,-166,86,
60,3412,17426,-248,131,136,
-84,2792,17154,81,257,20,

942,-3268,16338,-103,-70,-22,
1180,-2802,15986,-47,86,37,
2518,-2430,19640,-431,255,38,
122,-2230,25456,-1223,88,439,
3678,-6302,32767,781,-869,2045,
2830,-3370,23466,4890,-1048,278,
950,-1322,13938,3505,-44,-312,
72,-1448,4780,542,-711,-70,
562,1922,8724,59,1331,510,
886,590,4892,1012,2244,-472,
210,376,8976,-401,-263,-547,
130,-50,16372,-561,-171,-360,
218,208,18032,-425,198,-161,
-8,450,16924,44,290,-22,
500,1000,17702,18,180,12,
378,1126,16446,471,-34,-273,
362,1254,16896,-3,65,75,
618,1346,17246,199,32,-101,
138,1402,16144,129,98,-140,
160,1206,16568,67,-85,-121,

1078,-3398,16720,250,-32,-167,
1198,-2660,15574,-60,131,-12,
1158,-3238,16422,-5,-36,-96,
2774,-2514,24064,107,184,787,
2980,-3210,28362,1399,-1643,866,
2414,-4854,25706,3074,-1744,1230,
3394,1074,20042,2075,-1757,904,
2454,-146,16084,3434,-405,-43,
3240,1552,7274,2580,1341,-1035,
1444,2532,1364,-1311,3355,-288,
-116,1344,3370,-49,-31,-1169,
-30,-936,13918,-1040,-486,-394,
248,400,18058,-573,-35,-294,
882,1044,17962,-319,364,6,
952,1442,16488,52,29,-131,
1846,816,18604,-363,40,38,
1498,1624,16078,226,70,-132,
1168,1212,17122,-297,159,226,
1128,1726,16262,-84,49,118,
1166,1118,16690,57,21,-43,

2238,-2650,16542,-162,169,19,
2328,-2630,16402,49,152,-102,
4178,-1292,21756,-583,340,30,
5020,-4504,27812,168,-1064,298,
3706,-4564,31638,2400,-595,443,
2896,-4166,21458,4101,-1406,477,
728,-1690,9352,3456,-375,-188,
2534,5208,8244,1458,715,306,
1784,1404,5654,1045,1584,-792,
336,332,7006,55,-243,-729,
830,1558,12544,-492,56,-448,
1884,1370,15174,-621,-15,-263,
1948,2048,17150,-432,172,-100,
1952,2744,16810,-133,131,-124,
2134,2552,17744,-62,358,-21,
2036,2776,16162,197,260,-121,
1846,2598,16574,7,94,-57,
1814,2426,15636,-71,33,4,
1922,2766,16576,-10,68,-42,
2098,2718,16988,-1,-26,-78,

1696,-3494,16256,-216,-146,151,
2868,-3122,17932,-339,206,46,
3816,-1824,19784,-339,-458,43,
4406,-3418,23382,440,-2307,-445,
5170,-4962,27162,2006,-1595,-266,
6392,-3298,24494,3044,-570,-59,
4240,-1918,16646,3886,312,-1109,
1138,-716,11386,3327,589,-588,
306,-644,7200,476,1658,252,
770,3008,3558,-122,1218,-224,
2222,2778,9902,-268,-386,-548,
2118,1754,13770,-914,-409,-394,
2404,726,17408,-572,-373,-281,
2398,1608,17640,-196,326,-58,
2326,2010,16974,-110,205,-49,
2366,2394,16166,190,178,-180,
2568,1690,16256,-169,-68,3,
2320,2282,16122,20,57,-107,
2488,1902,16336,-24,143,-78,
2560,2058,17098,23,296,-98,

